76
40 40 350
-1057.03 -912.812 18
-948.051 -1088.41 26
-1053.42 -914.175 11
1073.44 -1072.46 30
927.16 -934.655 21
-1104.51 998.7 19
1096.43 981.041 15
1073.23 929.226 16
-898.196 1001.81 29
-865.825 1139.55 26
919.5 937.988 37
-1096.91 998.417 16
1193.93 -1002.39 12
965.92 904.06 31
1073.36 -1074.54 8
-1008.47 -898.279 19
-998.96 897.792 20
-996.633 902.056 13
1023.5 899.484 15
934.247 -923.988 22
-897.77 -992.813 28
-1045.59 -1091.38 12
-1103.88 -1009.48 6
-926.442 -854.307 27
-1006.08 1102.99 14
-1098.78 1000.39 18
1070.14 -926.103 17
-918.583 -939.712 29
1071.29 -1072.97 13
-989.4 -1102.94 22
-895.187 1001.39 25
-861.309 864.647 28
-997.181 903.247 27
929.687 -926.839 19
1094.77 1037.16 10
931.153 -1069.13 12
1073.37 -928.556 14
950.946 1085.49 24
-902.163 1003.3 16
-996.645 896.89 33
-912.06 -946.766 15
-1102.76 -998.893 11
-1000.65 -897.634 18
-1134.17 863.496 17
1037.61 -904.882 21
1072 -928.613 27
-938.997 -1079.1 19
907.619 -957.767 20
-1103.32 1005.12 5
-896.419 1002.52 22
-1099.26 996.239 12
1094.58 -1041.4 19
1005.16 1100.22 22
994.303 -810.8 16
-996.951 1102.88 7
-1002.75 902.915 26
1074.2 -934.393 14
-999.999 1103.41 21
910.242 1047.46 24
902.244 -1007.59 13
-1002.11 -1099.1 15
-911.424 -1043.08 18
-1092.24 -951.973 11
-896.965 -993.008 28
1060.02 1084 9
897.087 991.066 37
1010.07 -1100.89 30
-1003.29 1097.24 10
919.193 -1065.35 8
930.053 -1076.93 11
962.477 -1091.77 3
-999.979 1104.76 1
-1085.01 -1049.46 6
-1079.85 -1062.36 10
-901.003 1002.4 20